7203
316
3085
3932
7635
7640
3759
9659
2944
1135
2283
820
9299
5184
8947
2108
7403
4504
5083
7185
6437
8421
486
7840
9475
4154
3878
8785
2510
1642
9640
9712
1957
9076
9996
9592
6716
3754
5602
9659
1241
7884
6830
539
9420
5776
2646
3174
279
4080
358
6715
2500
7196
907
1975
1349
4784
759
3859
6425
6750
9922
4734
5826
9917
677
2541
23
6278
8551
7615
4162
5380
8153
3581
7507
7151
6754
7786
1230
3463
852
3730
658
1758
2056
8359
2893
9166
8569
9318
5916
4842
403
8093
4759
1079
6985
1133
7356
1887
8747
1517
3618
3251
1449
1124
401
8202
8909
1631
1665
6113
1712
8674
7870
119
3384
763
9284
1952
6432
1551
6794
6834
9643
7904
4264
2979
9036
1619
4865
7782
9488
8482
1032
936
9606
7785
5490
4866
5767
3506
978
3830
8531
8848
3948
1915
5962
3231
3866
2393
4782
7011
5578
776
4914
9841
3755
3949
7811
4971
8082
7298
3453
5466
4586
9410
3250
6427
4275
5368
9932
5253
9197
8462
452
3144
376
6413
2726
594
5157
3859
7604
7086
4635
2518
3278
4741
2818
1088
9711
7252
4738
9515
2717
5675
8924
2318
2101
3199
7685
2032
8451
6881
6845
5254
6376
7221
1666
9101
4166
3174
9312
1769
259
3946
4286
3536
5038
3456
975
1100
707
2064
615
9775
7738
9538
2092
9838
2736
6128
8221
7538
9360
5066
2791
5735
8638
808
1187
2803
333
498
4571
591
795
5209
478
2184
5016
1453
3284
5722
9868
3898
5496
7606
3435
3939
7443
2523
66
5664
6412
9425
7081
9203
1511
5718
6362
2697
8520
6695
9547
9442
3637
341
1002
4115
2525
6017
1919
5808
8090
1786
6057
3585
9391
5843
7523
3186
8365
3940
5201
4777
3364
2281
331
4874
4350
6692
3923
9221
9738
3469
5014
3375
161
6016
3841
9037
8384
5759
4844
6474
3896
7252
6410
9639
3095
3933
9176
7811
4224
4376
2587
7588
3008
9269
8813
7357
2313
9087
2929
2050
2555
7942
1776
9068
3957
5616
8104
2341
7726
9300
5166
1622
6551
1575
7612
5997
1859
6787
3808
6083
1162
2746
22
521
2015
8834
4229
679
7921
7157
9080
6827
5098
856
2246
5407
2823
350
4099
549
9649
9264
8522
2551
838
6133
8548
2697
2919
2355
5131
432
1452
5152
7304
9818
3985
1532
496
8257
8688
9576
1436
137
6783
3681
5543
9605
382
5993
6505
30
5256
5026
2581
2446
1158
7480
1494
428
6186
6624
7211
7637
1775
4514
7455
2111
2397
4302
6720
1084
229
4507
7573
7011
8187
9467
2968
8569
5460
9472
4950
715
850
3882
9512
8359
1361
1005
8787
7546
7628
2349
5183
5754
6863
8989
4217
9259
3290
936
6695
9871
5442
619
3233
9980
85
6200
4900
5544
2024
9850
2611
2873
3731
2122
1231
1444
9479
6369
8989
3458
8718
523
9212
1932
9511
3428
7542
9153
715
4236
9023
2508
1206
2255
2487
1291
4807
7387
3186
6830
3588
2148
6054
3670
622
3636
5113
100
5
4102
3557
5074
4624
9120
7005
487
8899
4546
5991
9613
5134
1365
2120
2691
9971
4607
333
4777
8345
3519
7958
1932
2018
363
5601
8991
3999
7066
9090
355
1167
8999
5428
2142
4470
8784
2628
3369
3329
4970
2981
4814
6334
1453
7505
6305
2411
7837
7433
755
7707
1743
9038
6077
2105
990
5067
6103
8055
509
6457
5573
9507
8236
7715
3976
7019
6694
3696
6700
1664
6677
7865
4349
8129
5369
653
539
9558
4438
7645
3616
6180
3034
9692
8284
4023
1111
739
8430
1619
7195
4002
7477
1783
8068
7804
8801
4762
1500
5500
2777
8176
3365
7125
2656
5085
4130
9546
994
8567
7190
962
4746
6575
7005
9381
597
8115
119
5378
9733
3666
5732
3561
5448
3799
1365
4248
8560
2864
6100
7688
7391
5816
4813
46
7252
5294
9591
8246
212
3132
5559
4957
9706
2563
689
6654
678
808
8384
6762
825
4115
323
6272
7913
8039
6871
2825
902
9322
512
8292
5137
1676
4689
2389
6969
631
6986
7180
3762
8896
8488
9819
1458
9177
2824
8487
6336
7559
1601
7160
1673
1923
3431
5938
6313
6653
8762
7214
5975
9273
5505
7463
949
193
6203
4269
7175
9540
1449
936
8435
6288
7106
9893
5464
6281
8379
8151
3840
9979
5310
1864
8253
5092
7801
4565
1745
6562
8130
4071
2187
9986
1533
9487
6530
4088
3755
3704
3627
1555
991
2062
4195
4448
8306
6010
729
6684
4161
920
3015
9470
9135
7619
914
6936
8536
2658
9849
6665
3080
8387
6651
4612
4225
9532
5051
4332
3236
8678
5886
4226
739
80
8674
9044
6090
5754
2079
6602
3025
1445
6071
2159
5416
3336
5446
303
5993
1647
6967
5424
33
9969
6388
4258
9501
1438
8589
2736
115
826
3313
7205
7258
1986
2600
9699
4091
1031
6300
7115
2475
8722
9274
4242
2058
4719
4544
4402
6365
7863
9826
2750
4183
6213
3359
3683
7650
8299
2770
4117
5476
2435
1321
9085
4420
3921
8783
4863
4951
1434
1977
3777
6508
1250
4371
4917
2321
8914
9318
8685
3128
5495
7786
7311
8059
7496
993
2061
5794
115
6177
7622
2549
3849
6706
3320
4121
5489
8182
9071
3274
6511
9200
9781
7760
9922
4697
80
8835
367
5117
1963
5861
9254
5625
272
6750
2969
2332
8895
3083
8508
6516
1983
8708
3222
1655
2829
5062
6188
8251
8335
2698
7450
8116
6810
7371
9164
3241
2558
5882
8357
872
1743
7611
6496
2014
712
5816
697
9606
8899
5556
6122
7233
4263
5695
5239
7091
756
7779
5342
9090
6828
9143
3557
3637
2866
9073
6878
1775
4954
1586
2646
6696
5548
5493
5061
6259
1308
2109
2217
6558
7664
8338
143
1927
4032
1733
5369
4787
9511
710
228
6339
6205
3785
6327
9070
2857
3204
7196
4162
1142
6193
858
6689
8037
2270
2948
9344
4379
1516
2254
8394
9853
8748
320
236
